"Date [YYYYMMDD]" "Hour UT" Site "Frequency [GHz]" Opacity Transmittance
20180418 1.0 P 221.1 0.2704102 0.7630664
20180418 2.0 P 221.1 0.2646914 0.7674428
20180418 3.0 P 221.1 0.2568223 0.7735057
20180418 4.0 P 221.1 0.2494429 0.7792348
20180418 5.0 P 221.1 0.2434156 0.7839457
20180418 6.0 P 221.1 0.2372843 0.788767
20180418 7.0 P 221.1 0.2325113 0.7925408
20180418 8.0 P 221.1 0.2291386 0.7952183
20180418 9.0 P 221.1 0.2272133 0.7967508
20180418 10.0 P 221.1 0.2277931 0.796289
20180418 11.0 P 221.1 0.2317177 0.79317
20180418 12.0 P 221.1 0.2403051 0.7863879
20180418 13.0 P 221.1 0.2558756 0.7742382
20180418 14.0 P 221.1 0.2784579 0.7569501
20180418 15.0 P 221.1 0.3061031 0.7363107
20180418 16.0 P 221.1 0.3305296 0.7185431
20180418 17.0 P 221.1 0.3331705 0.716648
20180418 18.0 P 221.1 0.3172465 0.7281513
20180418 19.0 P 221.1 0.2983458 0.7420447
20180418 20.0 P 221.1 0.2807895 0.7551873
20180418 21.0 P 221.1 0.2681319 0.7648069
20180418 22.0 P 221.1 0.2574732 0.7730023
20180418 23.0 P 221.1 0.2458257 0.7820586
20180419 0.0 P 221.1 0.2303951 0.7942198
20180419 1.0 P 221.1 0.2151118 0.8064513
20180419 2.0 P 221.1 0.2033584 0.8159858
20180419 3.0 P 221.1 0.195764 0.8222063
20180419 4.0 P 221.1 0.1915617 0.8256687
20180419 5.0 P 221.1 0.189581 0.8273057
20180419 6.0 P 221.1 0.1887826 0.8279665
20180419 7.0 P 221.1 0.1887362 0.8280049
20180419 8.0 P 221.1 0.1892037 0.8276179
20180419 9.0 P 221.1 0.1889827 0.8278008
20180419 10.0 P 221.1 0.1910913 0.8260572
20180419 11.0 P 221.1 0.1948591 0.8229506
20180419 12.0 P 221.1 0.2015358 0.8174743
20180419 13.0 P 221.1 0.2103815 0.8102751
20180419 14.0 P 221.1 0.2223817 0.8006097
20180419 15.0 P 221.1 0.2324281 0.7926067
20180419 16.0 P 221.1 0.2403529 0.7863503
20180419 17.0 P 221.1 0.2389945 0.7874192
20180419 18.0 P 221.1 0.2271884 0.7967706
20180419 19.0 P 221.1 0.2192158 0.8031483
20180419 20.0 P 221.1 0.2163542 0.80545
20180419 21.0 P 221.1 0.2185058 0.8037188
20180419 22.0 P 221.1 0.227699 0.7963639
20180419 23.0 P 221.1 0.2443017 0.7832513
20180420 0.0 P 221.1 0.2553469 0.7746477
20180420 1.0 P 221.1 0.254232 0.7755119
20180420 2.0 P 221.1 0.2411579 0.7857175
20180420 3.0 P 221.1 0.2159917 0.805742
20180420 4.0 P 221.1 0.1863493 0.8299836
20180420 5.0 P 221.1 0.16353 0.849141
20180420 6.0 P 221.1 0.151866 0.8591034
20180420 7.0 P 221.1 0.1533849 0.8577995
20180420 8.0 P 221.1 0.163636 0.849051
20180420 9.0 P 221.1 0.1797033 0.835518
20180420 10.0 P 221.1 0.1980051 0.8203656
20180420 11.0 P 221.1 0.2182709 0.8039076
20180420 12.0 P 221.1 0.2546553 0.7751837
20180420 13.0 P 221.1 0.3038858 0.7379451
20180420 14.0 P 221.1 0.3431095 0.7095605
20180420 15.0 P 221.1 0.3242188 0.723092
20180420 16.0 P 221.1 0.3091227 0.7340907
20180420 17.0 P 221.1 0.2979797 0.7423164
20180420 18.0 P 221.1 0.29327 0.7458207
20180420 19.0 P 221.1 0.2897037 0.7484853
20180420 20.0 P 221.1 0.2956199 0.7440702
20180420 21.0 P 221.1 0.2942175 0.7451144
20180420 22.0 P 221.1 0.3099994 0.7334474
20180420 23.0 P 221.1 0.403312 0.6681036
20180421 0.0 P 221.1 0.5523646 0.5755872
20180421 1.0 P 221.1 1.076502 0.3407854
20180421 2.0 P 221.1 0.978964 0.3757001
20180421 3.0 P 221.1 0.5597826 0.5713332
20180421 4.0 P 221.1 0.4203837 0.6567948
20180421 5.0 P 221.1 0.4132575 0.6614919
20180421 6.0 P 221.1 0.4061646 0.6662005
20180421 7.0 P 221.1 0.3757464 0.6867764
20180421 8.0 P 221.1 0.3672415 0.6926424
20180421 9.0 P 221.1 0.3697573 0.690902
20180421 10.0 P 221.1 0.3722824 0.6891596
20180421 11.0 P 221.1 0.3821178 0.6824146
20180421 12.0 P 221.1 0.4191392 0.6576127
20180421 13.0 P 221.1 0.4116579 0.6625509
20180421 14.0 P 221.1 0.4806005 0.618412
20180421 15.0 P 221.1 0.6631625 0.5152194
20180421 16.0 P 221.1 0.8477981 0.4283571
20180421 17.0 P 221.1 0.9330734 0.393343
20180421 18.0 P 221.1 1.088798 0.3366207
20180421 19.0 P 221.1 1.168757 0.3107528
20180421 20.0 P 221.1 1.133376 0.3219445
20180421 21.0 P 221.1 1.079203 0.3398662
20180421 22.0 P 221.1 1.018156 0.3612604
20180421 23.0 P 221.1 0.941338 0.3901055
20180422 0.0 P 221.1 0.6947295 0.4992095
20180422 1.0 P 221.1 0.4333627 0.6483253
20180422 2.0 P 221.1 0.3670852 0.6927506
20180422 3.0 P 221.1 0.3176026 0.727892
20180422 4.0 P 221.1 0.2811697 0.7549002
20180422 5.0 P 221.1 0.2521852 0.7771008
20180422 6.0 P 221.1 0.245041 0.7826725
20180422 7.0 P 221.1 0.2402059 0.7864659
20180422 8.0 P 221.1 0.230616 0.7940443
20180422 9.0 P 221.1 0.2194482 0.8029618
20180422 10.0 P 221.1 0.2139476 0.8073907
20180422 11.0 P 221.1 0.2238795 0.7994114
20180422 12.0 P 221.1 0.223345 0.7998388
20180422 13.0 P 221.1 0.2143237 0.8070871
20180422 14.0 P 221.1 0.210727 0.8099952
20180422 15.0 P 221.1 0.2120172 0.8089508
20180422 16.0 P 221.1 0.2325675 0.7924963
20180422 17.0 P 221.1 0.2601394 0.7709441
20180422 18.0 P 221.1 0.2848557 0.7521228
20180422 19.0 P 221.1 0.3032717 0.7383984
20180422 20.0 P 221.1 0.3140407 0.7304893
20180422 21.0 P 221.1 0.3247658 0.7226966
20180422 22.0 P 221.1 0.3271482 0.7209769
20180422 23.0 P 221.1 0.3197908 0.726301
20180423 0.0 P 221.1 0.3080495 0.734879
